1.557372461890224255e-02
1.602353139415044550e-02
1.648611210752212036e-02
1.696181678848607266e-02
1.745100431318002618e-02
1.795404258403288100e-02
1.847130871032438143e-02
1.900318918948831759e-02
1.955008008894998026e-02
2.011238722827167133e-02
2.069052636136285012e-02
2.128492335849335379e-02
2.189601438782850032e-02
2.252424609618527973e-02
2.317007578868749210e-02
2.383397160697605516e-02
2.451641270560719899e-02
2.521788942624797122e-02
2.593890346925302459e-02
2.667996806218101910e-02
2.744160812478164263e-02
2.822436042995660546e-02
2.902877376016836999e-02
2.985540905874085188e-02
3.070483957546455908e-02
3.157765100588673379e-02
3.247444162363407466e-02
3.339582240508075228e-02
3.434241714563987524e-02
3.531486256692024928e-02
3.631380841395315945e-02
3.733991754165610216e-02
3.839386598966192110e-02
3.947634304460252708e-02
4.058805128889594882e-02
4.172970663504562555e-02
4.290203834441955882e-02
4.410578902943582125e-02
4.534171463803941815e-02
4.661058441931418411e-02
4.791318086903220003e-02
4.925029965390188141e-02
5.062274951323560840e-02
5.203135213671819526e-02
5.347694201691846616e-02
5.496036627514832434e-02
5.648248445923836208e-02
5.804416831176419100e-02
5.964630150722537855e-02
6.128977935664964988e-02
6.297550847806751562e-02
6.470440643127924052e-02
6.647740131531557073e-02
6.829543132697731000e-02
7.015944427882860046e-02
7.207039707501051995e-02
7.402925514324129597e-02
7.603699182137495238e-02
7.809458769690082180e-02
8.020302989778541058e-02
8.236331133308456842e-02
8.457642988178885879e-02
8.684338752840832509e-02
8.916518944385587453e-02
9.154284301025270021e-02
9.397735678835290873e-02
9.646973942636967447e-02
9.902099850908402390e-02
1.016321393462267103e-01
1.043041636992482479e-01
1.070380684457280379e-01
1.098348441808275622e-01
1.126954737553564623e-01
1.156209307502046590e-01
1.186121778870891652e-01
1.216701653757790297e-01
1.247958291981909329e-01
1.279900893299929510e-01
1.312538479006185033e-01
1.345879872928686938e-01
1.379933681835782133e-01
1.414708275271286675e-01
1.450211764839209883e-01
1.486451982962586627e-01
1.523436461144478671e-01
1.561172407762902448e-01
1.599666685435220670e-01
1.638925787991467875e-01
1.678955817100050707e-01
1.719762458593364074e-01
1.761350958544984080e-01
1.803726099154255580e-01
1.846892174498294403e-01
1.890852966215551267e-01
1.935611719189253843e-01
1.981171117303039686e-01
2.027533259345093708e-01
2.074699635140882792e-01
2.122671101998248044e-01
2.171447861552040504e-01
2.221029437098685777e-01
2.262365190750996458e-01
2.304168259771959826e-01
2.346430492796263423e-01
2.389143116631744224e-01
2.432296730050272360e-01
2.475881298779790129e-01
2.519886151764757498e-01
2.564299978760019028e-01
2.609110829320429592e-01
2.654306113245424870e-01
2.699872602534028054e-01
2.745796434901649485e-01
2.792063118905334096e-01
2.838657540719002892e-01
2.885563972594576421e-01
2.932766083038773064e-01
2.980246948728863532e-01
3.027989068183672972e-01
3.075974377198812393e-01
3.124184266047411174e-01
3.172599598439628799e-01
3.221200732225966146e-01
3.269967541820895662e-01
3.318879442314717210e-01
3.367915415232783927e-01
3.417054035892478914e-01
3.466273502299535014e-01
3.515551665516667423e-01
3.564866061428912936e-01
3.614193943821863431e-01
3.663512318680892665e-01
3.712797979611965338e-01
3.762027544277299351e-01
3.811177491732553047e-01
3.860224200545996909e-01
3.909143987574664747e-01
3.957913147267542175e-01
4.006507991361794585e-01
4.054904888834605092e-01
4.103080305970642772e-01
4.151010846403400678e-01
4.198673290987763873e-01
4.246044637361146568e-01
4.293102139051310218e-01
4.339823343990736326e-01
4.386186132299962348e-01
4.432168753205701917e-01
4.477749860963787243e-01
4.522908549661960875e-01
4.567624386783346035e-01
4.611877445417787436e-01
4.655648335015436512e-01
4.698918230584520073e-01
4.741668900243556362e-01
4.783882731046789627e-01
4.825542753010746422e-01
4.866632661279138850e-01
4.907136836372830158e-01
4.947040362481455178e-01
4.986329043762939839e-01
5.024989418627144877e-01
5.063008771989464529e-01
5.100375145489943751e-01
5.137077345682864449e-01
5.173104950210865027e-01
5.208448311986533241e-01
5.243098561412827818e-01
5.277047606681739556e-01
5.310288132198078825e-01
5.342813595182381858e-01
5.374618220513364131e-01
5.405696993876306644e-01
5.436045653289058865e-01
5.465660679082106066e-01
5.494539282413246628e-01
5.522679392400910992e-01
5.550079641963112653e-01
5.576739352451226539e-01
5.602658517169571972e-01
5.627837783872844390e-01
5.652278436334055023e-01
5.675982375075666608e-01
5.698952097356154711e-01
5.721190676503322692e-01
5.742701740684285072e-01
5.763489451200318747e-01
5.783558480392593237e-01
5.802913989242317605e-01
5.821561604746064988e-01
5.839507397144002576e-01
5.856757857075436391e-01
5.873319872732652991e-01
5.889200707080374242e-01
5.904407975204408743e-01
5.918949621849203258e-01
5.932833899200109506e-01
5.946069344962169323e-01
5.958664760783329850e-01
5.970629191065968122e-01
8.374760663089432233e-01
8.413754116670425498e-01
8.451984951651373423e-01
8.489459792240796610e-01
8.526185623416392412e-01
8.562169768029096462e-01
8.597419864312360049e-01
8.631943843834690711e-01
8.665749909929708616e-01
8.698846516634147763e-01
8.731242348160640487e-01
8.762946298928619981e-01
8.793967454173272635e-01
8.824315071149309020e-01
8.853998560943265872e-01
8.883027470905139333e-01
8.911411467707418543e-01
8.939160321037060708e-01
8.966283887923494067e-01
8.992792097703522503e-01
9.018694937621948293e-01
9.044002439064754428e-01
9.068724664419969272e-01
9.092871694559713225e-01
9.116453616935450421e-01
9.139480514277135148e-01
9.161962453885781343e-01
9.183909477507901098e-01
9.205331591779331024e-01
9.226238759225149355e-01
9.246640889801671648e-01
9.266547832965948972e-01
9.285969370257644018e-01
9.304915208377795288e-01
9.323394972748652032e-01
9.341418201538499444e-01
9.358994340135291523e-01
9.376132736052742445e-01
9.392842634252556167e-01
9.409133172866490646e-01
9.425013379302009664e-01
9.440492166715444000e-01
9.455578330836743595e-01
9.470280547130105475e-01
9.484607368275024264e-01
9.498567221952592954e-01
9.512168408922193619e-01
9.525419101374003050e-01
9.538327341543171300e-01
9.550901040571797562e-01
9.563147977605315209e-01
9.575075799110173147e-01
9.586692018400224669e-01
9.598004015359513641e-01
9.609019036349681908e-01
9.619744194290558159e-01
9.630186468902878216e-01
9.640352707102640695e-01
9.650249623536811816e-01
9.659883801250691571e-01
9.669261692477501002e-01
9.678389619541287736e-01
9.687273775864506664e-01
9.695920227072110098e-01
9.704334912184324757e-01
9.712523644890641572e-01
9.720492114897940628e-01
9.728245889345991104e-01
9.735790414283918004e-01
9.743131016201543870e-01
9.750272903609870090e-01
9.757221168665206612e-01
9.763980788831820856e-01
9.770556628578216385e-01
9.776953441102456122e-01
9.783175870082214676e-01
9.789228451445457502e-01
9.795115615157959921e-01
9.800841687024044457e-01
9.806410890497201382e-01
9.811827348497419443e-01
9.817095085232313556e-01
9.822218028019286118e-01
9.827200009106183964e-01
9.832044767488063997e-01
9.836755950717891439e-01
9.841337116709079069e-01
9.845791735528064414e-01
9.850123191175099713e-01
9.854334783351722526e-01
9.858429729213408210e-01
9.862411165106078625e-01
9.866282148285255849e-01
9.870045658616697359e-01
9.873704600257608988e-01
9.877261803317426425e-01
9.880720025497422565e-01
9.884081953708404589e-01
9.887350205665865754e-01
9.890527331462014571e-01
9.893615815114218393e-01
9.896618076089451765e-01
9.899536470804365385e-01
9.902373294100718093e-01
9.905130780695932113e-01
9.907811106608559459e-01
9.910416390558585142e-01
9.912948695342419514e-01
9.915410029182583074e-01
9.917802347052057099e-01
9.920127551973325630e-01
9.922387496292208731e-01
9.924583982926538095e-01
9.926718766589855969e-01
9.928793554990218428e-01
9.930810010004370580e-01
9.932769748827398049e-01
9.934674345098157833e-01
9.936525330000670619e-01
9.938324193341746549e-01
9.940072384605116440e-01
9.941771313982370462e-01
9.943422353380944045e-01
9.945026837409526310e-01
9.946586064341143008e-01
9.948101297054299241e-01
9.949573763952448413e-01
9.951004659862178192e-01
9.952395146910431034e-01
9.953746355381097866e-01
9.955059384551360191e-01
9.956335303508105916e-01
9.957575151944800806e-01
9.958779940939138653e-01
9.959950653711856505e-01
9.961088246367058030e-01
9.962193648614401376e-01
9.963267764473500154e-01
9.964311472960908356e-01
9.965325628760020038e-01
9.966311062874263493e-01
9.967268583263881876e-01
9.968198975466721068e-01
9.969103003203287905e-01
9.969981408966478442e-01
9.970834914596263809e-01
9.971664221839706688e-01
9.972470012896584857e-01
9.973252950950983742e-01
9.974013680689167716e-01
9.974752828804022142e-01
9.975471004486395898e-01
9.976168799903640805e-01
9.976846790665636622e-01
9.977505536278619136e-01
9.978145580587080010e-01
9.978767452204015953e-01
9.979371664929834740e-01
9.979958718160164555e-01
9.980529097282847539e-01
9.981083274064381783e-01
9.981621707026060442e-01
9.982144841810073332e-01
9.982653111535823021e-01
9.983146937146669675e-01
9.983626727747383356e-01
9.984092880932512459e-01
9.984545783105891470e-01
9.984985809791541156e-01
9.985413325936154383e-01
9.985828686203376270e-01
9.986232235260130707e-01
9.986624308055135346e-01
9.987005230089862629e-01
9.987375317682106735e-01
9.987734878222370716e-01
9.988084210423234799e-01
9.988423604561919023e-01
9.988753342716192307e-01
9.989073698993818917e-01
9.989384939755698856e-01
9.989687323832887600e-01
9.989981102737633956e-01
9.990266520868618105e-01
9.990543815710509756e-01
9.990813218028045117e-01
9.991074952054722624e-01
9.991329235676298381e-01
9.991576280609181238e-01
9.991816292573909575e-01
9.992049471463800847e-01
9.992276011508938183e-01
9.992496101435587308e-01
9.992709924621192563e-01
9.992917659245061923e-01
9.993119478434852043e-01
9.993315550408992110e-01
9.993506038615103115e-01
9.993691101864597970e-01
9.993870894463492416e-01
